0.9477481093837348
-0.00036467666478145257
-0.012138541018183683
-0.09610135951524311
0.06480900571392613
0.19460437585558293
-0.1633120220542507
-1.0099419607314704
0.14850109463329322
0.273819727100567
-0.659733601473584
-0.6252693860946551
0.6902904738990697
-0.2953948202259425
0.1909222821616533
-0.050948062364028074
-0.20866676071294152
-0.12278609124468683
1.3122006229112186
-0.9807477709535561
-1.4998123431358394
2.00033086882016
-1.144517559508913
1.0022564382423091
-1.9990656625989283
-1.5703052444215562
-1.7802382505147647
-0.42764455948704283
-0.15065586023031508
1.198688634950855
-1.934531197620337
0.06486353391741438
0.6709790287522743
-2.1757207089175226
2.518559106318841
0.729775716193113
1.047026849027387
-0.6620356789621753
1.0463129143812926
-1.6993078802968586
-0.27856965962423264
-0.23583100006467295
2.3554703328052695
-2.9473796072079708
-0.03345106302502258
0.625360337419425
-1.5972930928650004
-0.3725177614754648
-1.8303518917518535
1.0610882603428016
1.1479210942026383
-1.2296869337498482
-1.114946709513631
0.07673522061744364
-0.07617027165194225
-0.9453581169191367
0.7272375262957262
0.8675028401596682
-0.6493822495361296
-1.744898954980404
2.461814242183741
0.2504805720341424
1.043209604843918
-0.37659159767087846
-3.078517369300112
-2.309462382694975
-0.37266628521448436
0.4007407258986771
2.326661316390403
-1.9166314677677914
-2.472325996519566
2.0622961479178925
0.8650721087990516
-2.9618592494829437
1.2977056592754779
2.864427479930566
-0.7012107930908216
-2.2671692547885223
1.095779006540449
-0.19680069716444723
-0.11640981320394803
0.04030047002090995
-0.8848328807363324
1.070629907871745
-0.22609749715605598
-0.3352984926492055
2.0428643068981183
0.6036199340311049
-1.2934404889843474
-1.8810418764325239
0.11338214054873105
-2.262481987678171
-0.2952612681837433
0.20468468318908228
1.1389269310429155
-0.6326284084190971
-1.8612121119499894
1.3549135893247966
1.00643728627363
-1.328686982802176
-2.068520692543099
1.8508833361534056
0.671032744105427
-1.1489675211966626
1.8843334507171239
0.0157887414102784
-0.019192074425953665
-0.8024766141282209
0.7272179817913067
0.33862513281346013
-0.26336650047621085
-0.8982124440707538
2.577733488614797
-0.5119800874556371
0.8964836017725104
-0.29148708737792967
-1.9031036571549051
-0.6572780885649293
-0.3145734236043224
0.17624228414451493
0.4816450161642645
0.403891466576571
-2.8861260323327276
2.000589549582831
2.067355703615798
-2.7336271626746043
2.965242911307458
0.8635016341196846
1.611163004944346
0.8889123756433227
-1.787515609208582
-0.14882937605960958
-0.03377606756748356
0.28896962083855293
-0.7045714030374066
0.45577318375290854
-0.04017140155423812
-0.07137870709377837
1.8990109673459523
-1.0801317716877128
1.0402540389453117
0.02965237449781704
-3.0830275452310842
-0.056167316797504266
-0.3902848445916702
0.12587159901961004
-0.2959308956680142
1.1296474044659504
-2.899077866550433
2.065361357764012
0.4931238690099826
-1.3296396234599501
-2.423948401801831
0.330873313861536
0.7615644885726935
-1.07637634011353
0.6754446751360411
0.12098012832005633
-0.05010258487338975
-0.6622097617432824
0.6876630515848611
0.5101163305614808
-0.535569620402162
-1.6809195398624193
2.5416905224816966
-1.24847306462923
1.0022749152188188
0.03416968770490461
1.033174038289178
-2.266143971361585
-0.4494392866494422
-0.06925219546523464
-0.9529211832502902
-1.0192977578190772
2.522802719745651
-0.5505837786756511
-1.3999856100681511
1.2381162750222063
-1.0430420836303167
-2.405344041890605
2.3782882909578946
-0.8209700977842616
1.2740896853770838
-0.05394856178124234
-0.00824873767752834
0.5435279723481782
-0.5506778679322555
-0.033024127111864594
0.040174022696211176
-2.168124425349128
2.469207727516617
0.7211671241071528
-1.2172590206882987
0.028186798819894072
0.6365608543166438
-0.12339648429461121
-0.5305844451544561
-0.0151905769465511
-0.4409461334257451
-0.17500223515361574
-0.5376618028753829
1.153610171452981
-1.1794867646816427
-0.6545564541751003
-2.7514754621641493
-1.9033944724682337
2.1416928164256004
1.791811871533863
2.8547815546570012
0.026601837759860945
-0.172044552088469
-0.6218575580585802
0.02771905854785994
1.4903873051197096
-0.896248805609225
-1.9531964082556443
2.6104049798667126
-1.2557936706811155
0.3933174638985975
-0.00336636005569015
0.8629908667214002
-0.08715680129706611
-0.5156089090210041
-0.20064780976652413
-0.6344793112337762
-1.13121262511925
1.3566267373143384
0.4090651990316154
-0.7238459738202593
-1.3103889855464237
2.447937498819681
0.3714536466449748
-2.2062696979067846
2.08190126286727
1.3834926836610055
-0.10497411387747378
-0.01158305087346059
1.8335991352692524
-1.9323773420165848
-0.02028239350483529
0.11906060025212713
-1.8789936285455016
2.6145545531990773
0.7179918680501525
-1.5610563281923004
-2.39068920609243
-1.0146007935837789
0.03457910227160174
0.05815403442794768
0.002751643555780053
0.040264089374161545
0.6662937641637251
-1.21941006435374
0.512852210839669
0.6181497092227145
-0.42838589669789373
0.8328732641036097
0.31880630998166104
-1.0605079351144153
-0.11315598082986578
0.3154317487482735
-16.503810790613947
-20.208183547448087
-6.382913572067348
24.959339502834407
12.160239799588803
-3.0915761647385023
0.13107883452282695
6.81855523586669
-5.34972989878862
4.09657669463606
-12.130031839290307
-10.675623088729871
-13.1002106407855
-6.10124588564613
3.964724013756963
4.822846335970281
2.9668416977964296
-7.645207783019719
4.285918436035934
-12.53339737663842
0.26047506318482555
-24.38950778100895
-2.7139277836002784
-5.10688183279583
-0.679399544251829
-3.3574933449539546
3.397041164106241
2.3595141322131
-1.7690997151685743
7.159235139673922
-4.293039422436518
-28.98701629445443
-8.174629238741673
-6.635672019898589
4.282714052861133
3.788702340355545
0.4117268319854651
-3.4457098128295676
4.374126580551736
-9.957000117714912
7.224272669414822
-13.078973085247341
-4.229454305823421
-4.274490354216024
1.3751214599520127
-2.612936117606646
5.090680054719515
0.010023328342058133
0.7648619968449939
2.794731344425501
-6.131328334599331
-14.360264337270484
-8.081445978163645
-11.92044995107621
5.579312044437639
0.9793518872103946
0.32297054689396304
1.4839529879798141
-1.1106734435609495
-2.4104128198456563
-2.139087908711018
-17.191669979984294
-1.0247284407817066
-1.5893015594393465
2.275385995199133
-1.7839585173291843
0.34545686801909975
-0.42417117760236317
2.281874829298483
2.7416655833265766
-12.522199137871763
-13.564197946564796
-7.3995450335709325
-14.636058973833016
-4.2752926179656985
0.3447712177479231
3.2694637693238766
2.0354499049463763
6.4587876135297995
0.029583645080784832
9.835634367607382
-26.22413384631503
1.1119400866480351
0.30272398695769104
7.985498257549361
-0.2135624735575949
1.3469629436300414
-1.7806503111023044
-4.243130888888357
-0.3426058986612854
-4.381223923275271
-12.453307635571688
-9.123299275942355
2.195856815851716
6.993685714225518
1.153936433709763
10.257218941631344
-2.4435397078653662
-7.537940851802162
-4.232705479345217
-31.604039070133314
93.26530848994665
-31.600079095552783
87.3178862596094
0.0
0.0
0.0
0.0
0.0
0.0
0.0
0.0
-22.675265453421456
100.76118842903739
-22.620725505810615
99.29904771595952
0.0
0.0
0.0
0.0
0.0
-6.646934941933278e-15
0.0
0.0
-7.54643586515151
104.26025334121745
-7.545764627496466
103.5041507337489
0.0
0.0
0.0
0.0
-1.402266463934603e-14
0.0
0.0
3.423743225994337e-15
2.423963849539792
117.10789225071902
2.422782766976987
113.43852352452477
0.0
0.0
0.0
0.0
0.0
0.0
-2.488645907175189e-14
0.0
-5.196088968700872
123.90516037813144
-5.197934471645754
126.5925317705118
0.0
0.0
0.0
0.0
-2.8568085360519924e-13
0.0
0.0
0.0
7.840155965993317
127.1634515067271
7.830533601808331
127.12932616468332
0.0
0.0
0.0
0.0
0.0
3.969203161559682e-14
2.2957095488391053e-15
0.0
10.896471804085163
127.90930707387253
10.887106743671454
128.75055685409538
0.0
0.0
0.0
0.0
0.0
0.0
1.315835455626583e-14
0.0
12.063842585904172
117.89378899133567
12.064509987920166
119.80558202409082
0.0
0.0
0.0
0.0
0.0
0.0
-2.673080203148898e-14
5.284236186506873e-15
21.4757887066101
110.03876043900121
21.49235871547377
112.82526939047223
0.0
0.0
0.0
0.0
0.0
0.0
-2.0913139336059065e-13
0.0
-1.5217440123003134
111.6289462772513
-1.5054237739102236
113.63279593646124
0.0
0.0
0.0
0.0
0.0
0.0
0.0
0.0
