-1.599933738632046e-08
-0.03714315754867024
0.18705795465894873
-0.13645814814046783
0.390843315727172
-0.44144312224565224
-0.5671515175120568
0.15256216894155578
0.2275313939115516
-0.6865659719254056
-0.6490808828283577
0.6621278666468536
-0.18029302751147816
-0.03009535773590491
-0.015701686204369156
0.07112161554572692
-0.3078389856161744
0.38724398472398464
-0.15052661465320988
-0.2577424196982813
0.26153544262717193
-0.07491463847409513
0.03615905724375285
-0.1966997157965194
0.28749864144083703
-0.5068309092014484
